201000220122112221022212202112211101122112222000
001221211011100111111111111110111102211111211020
0010.02100222122021221222112112212.0011111222001
002020220212012120011112112221221022211111222202
201000221000211221221112012211122112211111222000
001001221022011120022222212222211101121112222101
102100111022112120021212212221121212111022200021
001001221011111111122112112221222102121111202102
201001110012011110112111112221111120211111120202
221000220022221220022211202222220101121122122100
002000121012100112011112202222021210210012122001
122110110101101011112211211222111112211112111000
001001211022222220022212202222220100111120222000
001000220011212211122212211222211121220011122200
000000221010222122022212212222011101101122110000
100000210011202100012212202212120201221111222101
211000111111211110121210201212110102110011100000
001000210012122120021112212222120100121111022000
001010211022111111011111112211111100111111111201
202010120122111112011111202221122112211111122110
201000220011111210012121111112211112211111100112
201000221011211211112212211222220101121122222001
201000221111112221112112212212121101011121222100
01202011.011210212011121102221211222111121000002
010020110122111211111112202222211012210111220121
201000211222221121122212212222121102121121222002
112020210100211111112201201221112002200010100002
201000221112111110122211212222111112211121222000
101010210122022110022212212212221112210111000201
002021110211111122011122202211222022200011200002
0120.0220011111101112212211211121212011112111200
001220210010012120022122112200112220211111112000
111000211122211111111112201211110101111111122000
201000221011111120222211212012121101111121222000
221000220012212121122212212222210101121122222201
001000221122212111022212201112220100111021122000
001000220011111101112212211122211100001111112200
121000221022222210021112101220020000011111222000
001020221022011020011112212211122221011112002001
222010120222222210022212102122122111020122000200
221000221000210101122111101201211111220210110000
000001211022111120012212202220020100120111222100
0210.0221022212120011112202221121211210111220022
2010002110012111111121112122222112.1221121111001
101010210012111111212202212222121102011112112100
012220110122211220112212212122211221220121122002
202000211222211201112212212212121101121011222200
201000211111211110112212222222211111111121222000
102000211121211120011212202222111122211121200201
101010121222111010011022212221121022110112100022
221000220000202101111112212202021101111121222000
201020211112111111112212201222211012111111110101
200000221022112210112222212221021101111121202210
012001110112122211112211211112211101211111022000
011000220111212211122210102222121100011121200100
000001211112212110022212211211210102021111222000
011001221002000220000021101111100000000000222000
001000220021212110022212201222122112110011222100
111020110122201112111120101222021121110112120000
222000221022212110022212212222120111121221202100
002020221221212220122212211212112022211122122000
201001210011100111112212221211211221121211222000
221000211011211101022212212212120100001120100000
012011120101000012111120101211111012201101112111
102011.10011101121122122112222121111211112220001
200000220022222220012211212222220100121122122000
20000021001222211111221222222221210122111122111.
220000.21000211121002211111120020100121020211200
201200211121111210012112212212111.11020122111000
001000210000111111012211211211011212021121120002
202000211011111212012121212222221202011011111200
111011221211111011112122212202222101100010111000
201000210111112001122212222212111102122222222000
011000220012211220122212212222111101022122111001
001000120021021112112212202222211122211111000222
201000120122011120122212212222211101122222122.00
202120221021001121111112212222111102211111000212
201000220122022122022212212222120100122222222200
220000221012222112122212212222111101021121222000
002000111122111122011110212222122122221121000100
200000221022211221012212212222120100111111221200
102000211221110120112212212221110001121122111000
2210002210002120210222122211102.0010022222122000
.12020100.2201102.022202202122111022211111222002
001000221011001222001121202221022102011112222100
211020210022111220012211212222021102111121222201
.21020220011212210022212202021021100120021122100
22002.210022222120022212222222200100021210222000
011001211122212111122112212222210102211211200102
221000221022222221022212212222120200021122222000
011001120122001210112210102212111002220021222100
101021210021001111122111201222121011121112100002
101000221122022121022112202222211002111122220002
201000211122111111112202202122211111111121100201
001000211011111110111112212221011222011111222000
101010211111111010122201110112111121211111122000
201000.00022211110022212202222111101111120120000
102200110122212020022111212222211222111121122001
221000221222212220022212212222211111220122200100
001011221021122220011122202222221102210010222002
211001211022222022022212212222010211010121102000
.00000221122121220012212202222121111111111200000
001000211122122111011111202021121112211111202021
002100121022211210011121112210121002200010221122
012000110012111211111112201212112122111111100000
200000221012212220122202212122210010021121100100
002000211111111121112112112222111102221121122001
011200211011221220022212212222111121010121202101
001010221211222210022212211110120001111111222201
001000211022211110122212212222110101121111111000
00000101100222222002221220.002220100022222111000
001000220011111110012122212222121001121112110120
102020221122011121112210202221111101110111122000
002000210011200101121201110201111100211110222100
221000221022221110022222212212220000111122102000
021000211021112112022212212122121010121022122022
2110002200102102011.2212110202111100211110111000
001000220022112110022212211111121102011112111000
111000220122211221021111100210111101111121100201
201010121022022112111112102212111121211111222000
221010211212221120022212212222020001121121112000
220000220021222220222212212222121101111121222000
001001221022122212011112202222121112120121222000
221000220022212221112212212221121102121111111200
101010221121011111022212222222111112111112222000
101010211011222211012212212222111022221121122211
001020221011211120112211202221220112200011100001
011000221012200221022212202222111100211120220000
002020111021111111011111201221021212210011200010
101000220021222210212112212201121210021122222000
002220120122011202011111212211021012211111222000
200020221122211021122002222122220121022122112000
201010221022212120011212201212111210111221122000
201010220022222221012212211221220211111112200001
21100021102202212001111221222221110211222.112000
0210012110212212211122122111121211000211.2111100
012001210122122112111111111212222221211111222002
000000221021212120022212202222121102110011222000
200000211122222121022211111112112110022222100200
201001211012111121122212212222121101111111222000
001000220010211211012212202222221112211011222101
001020111222122122021020102212222221102112202002
200000211002222220022212201111220000100011022000
011010211012011110012212201102011111210011111101
002020120122000101210122010200111122211202122000
0110002212122111110122121022220200122010120021.1
011020111122011120012112212222211111011111220102
011001210100000010002221102200122211000000111000
001010220011112220022212112222122102111122100221
002020110122112210111112202211122112111111220002
012000210010111111111122112222110111121121222001
001000221022212220022212202222122100121121200100
001000211021222121012212212222111101211111220.00
211001111211112210111121211111221011120010000000
201010110100011112111121201222222112112111021001
101010221101012110011102201211222121200020122001
002001210211021112011112201222222221111111222000
001000211010011102111111210102111101211112200201
211010110122111122211122212221211012121110111102
201000211121112020222112212012011100111111122001
001000210021211122120112102222021222220011000122
101020221021011222012112212222121022211011111000
111200211021222120022212201122020101121121122000
000001211012222220122212201102012000222021011000
001110110112211120012211202221221112121121200212
012..0221002211210002211101222211200010121222000
101010110111011110112222211211222112211111101022
101010010200011021122200112222111222121211111102
011011210022000012022211212122111201022122111000
2.200021002211111012.212212222221102111111222000
211020210021101111211122211222101011211111200100
011020120021112101111122211212211211111211222002
201000121010000202120020112221222112222010111002
012100210221112221101121112212111220101110202000
001000121022121220022212222212021001122112222002
10100022.012212020022212212222220101111122222000
101000211010212100122222202212121102120010222000
011221210122112201111122212211211211201110112000
101000220022222210022212112022120101111110222000
011000111010111211022212202222121122211111200101
201211121122011110011111112221121022121112110021
202020110111021110122212212222111221222222100121
221000210022011121112212212212111100111111222000
201200221122222021122112211101121201122122111000
220000210022222120022212212222121100111111222000
201200211022121111022212212222111101121121222000
001000220110001201111111101101111012221211100000
201000210022222121022212212222110001121111212000
102201210211112100112122202211221202111111111020
011021110221001011111121101211111222211101000220
201000121100112010012212212222011112111122110022
001000210121211212111120101201021111221110202001
101001221022112112222210211220012101210002200.0.
012020011121001112110021101210021022200110200022
001000210221012120122212202222111101211112200120
201011211111112111021122212212221200011111112201
101000210112111120122212212222121100121.21200100
001121111022011112111010011221221102211111122122
101000210021122120022212222222121102121122122201
101000001022101220012212202222221122211121200012
101000211022212211012212202212121121111111122001
101010210121111110122212202222111012201122122202
221000211111112120022212212222121120111111200000
0120.0211012021022022212212222121220211111222000
001020211000111110122212112222211111021222222000
012.01.11121112110011112202222.11102201111122.0.
012001210010211101111110000202111100101111222200
101010210011111120212212212221121110122222222002
011000210211101201211112212211111001112111200100
1120211112110022011111221012211211122000.0000101
001001221022212211122212212222121101211112111000
201200221122211120022212212222111001122221222200
100000211111012111212202222222021101121122222010
221000220001210201221120222200022002211112000101
001000210001211210022212201212121101001011202100
001010211022222020022202212122211211122222002000
101021010021101212112122201212102222100000222220
001010211122022122011012201211202110101110000.00
211000221011121221012210211112221111111121211100
001000211021021110022202202122120100210011122100
202010111001012222111112202222011112210010200011
102010110001200121122210110211021202110112200222
202110110111011111112212212211111011211212222112
011000210122112120022212212221111122121122100211
101010220121212121011112202222111212111111122000
101001210122122211022212212221111102111111122100
011020211100111201111112010101122020100101222101
201000220121212120012212211220121102111111222001
101010221111011222222212212222121121111111112200
101000211112222111011112212222220101111111112100
001010211111112101112112212222221102111111202101
2010002211221221000211122122222210002.1112122000
220000221022222120022212202222122100011122112200
100010021112222120022212202222121112122222222222
011000110121011111122212212122111101110021100002
221020210111101001112121211102022222201001111000
200011210011112201112212211221211002011111222101
101000220012212120022212212222011102221122110100
201200110022101112112211202222222112210011111100
011000110011001212001121101211001102100001200202
002011010122111120012111101221121112200001100000
102000110021100201011122102211111102111111100000
111001220012211221122212212222210100111111222102
001000220022211120022212212222200101021112200100
201020211011111121011110111221211112211111222022
201010111122112121121112212222111022111011100100
010001211111201101112201010012221100211121202000
011000210111011221122222212222211100100011222000
001001210001212212022112201211021222000211202000
201000221111212110022212202222220200221122222010
001100111022112100222202202022020201122222122100
001020220022212120012211111221121102211111221000
002000110022200222012020102220022022100001122000
201010211021212210111112212222221022201111000222
201001221022222112011112212221121101111021222020
002011111111011112112202202222111012200011000222
102010220021222220022212212222121001210122122000
101000220022211220112212212221121122111212000100
012011210211000111222210112112111102220222110022
101000120011212120012212212222111100121121100001
220000221211011011022212210220220100021220100010
020001200000212220022212212202020100010111122100
201020220121111121112211212222120101121111122000
001001210022212220022211202211111100111121222200
011020220122212210012212210022211122101122112002
20000021021000020122.212201222212100010121220200
101010221111201111112120111212121102010121100200
000100211012222222022011201102020110020002211000
111000210111112121122211112222221101211111200200
220000220011212120122212212122221101121121111200
201000211021220122012212212222011001111112120200
211001220011011211112210000101022002221110122000
011000210222111120021112111212221210211111212000
111000211111211112122212212222121102221111222000
201000221012212221012121202212111101111121111000
101010111121121111022222202212211011111111222000
111100210022012120122112111222111102222221102000
101000210111200111112220211212121102011111111200
220000210022222121022212211222210120121121222000
101000121111222120022222202212120101111010222202
000000211022211221012212112222111100021121122001
002000220222212120022202222122110112021111222000
012001121122011110122202212212111112211221100101
001200211212112201212202100210021000000010100000
201000110022212110012212212222221202221222102101
011010211112201121002212212211111101210111000001
200000221021111120022212212222211112011121122001
011000211121211220022212211112121101111111222202
001000211122212221122212201122110101210120222000
011000210022222220022212211111111010211111111000
1110002111122121111221122121222111.1011111222.00
1010202211222221100111122222221111022.1122200100
201000210201111112211120012221002012211012122102
221000210112211120022212212121120101111122222200
002011110122011120011112202221020022110111122002
211101220222122011112121011211111202210111122100
001000211021201111012112202221211101011122111100
002000221011112111111112212212120101111111222000
000000211122111122022202110222120001011112222200
201001221122212121022212212222120101011112222100
211111221022111110112112112212212101211121122200
201000221022222020022212212222111110111122222002
001020221012022121011112212211121121111122100000
101000211022211121012112211222221202011111222001
101000121022001221112211202222121102210111211022
101000110021212111122122122222010100111121100102
101020110022111121222212212222211111221211022001
002000111022212221112211212222120102111122100101
001000210011200211212122210202210.01010001122000
002100101011102210111121202210121102110011111100
201000220001111210012212212222120100021111122100
2.2020211011200200111120100200020122021112002000
211000221110211122122212211222122021221111001200
201001120122211110112210112212121101110112101200
011020210100100111211120011221011022211202111000
001000221121212110002221202221021101110011222001
2110001102222111111221020012220112.1111111110000
102011111021111212011112212221210112111111100111
010011220022222120122212211222211100022212112000
2010012100222222201222122122222210010.1121222200
001000111121011010112212212222211111121111111020
101010121111211112112211212222121112111111202022
101010221121121210112112112122211210111111222000
011001111122011120011112212222120112221111220002
001010221111011010022211202221211201111111110001
221001211122211120021122212221121100110111122100
220000221222211220022212212122120100021122111000
011021110222012201211101001211012100210101200000
012010110022011222011111112222121012220111220022
101000121022111121121102212222210001111121022022
201000210122201201111111102212020102111111222000
20101021011111101002221221122112120.111122222000
201020111112112110011112202200010001111111222001
002110211022111122011121102210121112220010200221
100000211122002100112212211211111101010112222000
201000220011111201112212101222111100220011222000
012200211010111221102201220100002010222010222002
2000012211111122011221122022221110020.1111122000
101000121111211220111222202222011002111112000000
011000210021012120022222212222111112120022022000
101020221022211022022211222222111102111112122200
112010210021012212002212202222211012220121002102
001020010122011112121112212211122112211211000102
221000211112211210022202212222111100111112100001
010200210121011111122212211112210101022222222000
112021011100201111012120202221001022011111000021
112001111011112210011211200202211102210112222000
001001100211000101212110211211111002111112200222
000000210000222120022202222022210101022222111002
101200220122111221011112212212121001211111222000
000000211222211211122211100222010101021111222200
101010110111111211111121111211221001111112000100
100000110112111112012222211221111220011111222000
011001220010201201011120101202011102110111112001
01202121112111120.111022101221111112210021222211
011000120112211210112200212211220102211121122002
011000210022222202212110010002222110210101111000
001000210110111111112212212212221111121121122010
101000211111012111122212212112221001221022112000
011021010122212010211112102220122022200011200022
101010210012112111111112222212221111111111200000
20101011112111212002221221222221111.111111122002
111000111001110201101121101211121212210110200002
201000210112102211112222202210011222210001120102
000001221022212220001012202210020.01121111222202
111010211000112110012112212222121102101121222100
0010112111012110102122122122121102002110.0002000
221000220112102110011121112212210112221100111100
001021201110211210022202212222111122221212221000
222200120122221221022212210112220200022021112200
021000221022212120012212212222111100111121222000
001011110111011122011112212222111012211111100120
00200.210022112110112122212222111112111111122001
001120210012110122012211111211122112111111122022
211000211122222220122222212211120101111112120000
002020220022211020021122212222221122111121200112
001001110011112210011112212222221112111121122001
1010.0221012211211101121202211110002011122110000
020010221011202200011121200011021101221111100100
002011111122012211112121112211121112210111111111
002120111100000202121120101211111022100212222011
101010110022111111112212201000022011201112100101
101000211111111122022212212222121101111111111000
101000210121122111022212212212121111111111122201
001001221011222121122212212222211200120021202000
012010211121011121101112210111111221101111022000
211000211121111111112211111222121102121121222102
011000210111011121122201211222211101111111100201
002020110111012211101112202210121020111111001101
021020211111221111002012211122111121121121112200
001001221222222120012122202210220100000011220000
000000210022011221011012202221022011210011000000
211010211011011110112110112211011001110121200000
01212101011001110010102110020012220120001112200.
112010211122111120000012202221122210121111202010
010001211001222220122211202222020100011121112200
221000220211112112022212202212011101010121222001
101010220122210200201122001210021111110011122200
001000211022212220012212212211120101211111111000
222100011022111220112211112221101202120121111110
101000221021122120022212202222221102211111222110
200000111022112121022212212222111201121112122000
211110211121211111222212212222221111211111122100
001000221111222120022212202222121220021121222002
011020210121112011122212212222211021111211222000
102000221022112110012212202222221101121111100001
221200221021212101111111110200111101210011111000
201000221122222120022212212222121201111111022202
101001210022111210122222212212221101121110100100
212021110011111111112212212221111122221111221000
111020121222012111011112212222122222211112202001
202110110122111210121212211222222012211001222122
211121211122011111121110111221211001011110222002
001000210011222121022212212222110100111122100000
101000211021111110122212212222211102111112222001
102001220011212210021122212211201102211001200001
101000220022111111022212212221111101111121100200
212020110101011110112121212202202120211110102000
202010111122111121021222212221211002210112210002
000100220012201211112201102222120102021121202202
0010012200211111.1121112212211111101111111222000
201000211111211121022212212222122102111122222001
201000121022112120000112212221022102221120100011
.010001211212.2121022211102220111102111121222111
011000121010212111022212202222120011211121222100
221001211011212111122201111222120002101112222102
100100211222022122022202212120111101111122121001
011000211011111221012212212222121111211121111000
002100211101012110112112212222122102221122111222
201000111022222122022212202222220101121122122001
201010221022222210012112202222021102220121122010
200020221000112120011112202211121022221121022101
101010.10211011101211010111210111000010111122000
101000220021222120022222212222120000111111122000
001001221011222120022212212221110100121121222000
001210211110011211020012202210222220200100000100
200000221222212221122212222222211101121122122000
001010211122112110022212212222221101121121222001
101000220021011120012111112222121121111122122200
0110002.0110112111022212211111121201211111222000
012010211122010110212112201110111221211111222012
011001220121212121022212211122110100011111122000
220000221022222122011212200110020100010020222100
2210.1121222211022001112212201020000111011022000
001010121121121122011112202222111222011111222001
201000221011001211122212212221121102111121222001
201020121022211211012210112222111122220020100000
101010210111011120212211212222212122221021222102
011000220021112120022111112212102102111111222000
110011221022011101112202212222211121211121200000
012021211122212110011012212222222220100111100000
201000220111221121012212211222120102111121111200
001000120012011220021212212222120122110112200000
201000210122111211122212211222111111111121222001
001000200101000211112211112211121201110011112000
201000211122012110022212212222121111111111222100
011011211121002111011112221212121102211111222200
102021111110000101222212200221102121211101000200
001020210111001111211111112222211022211111222002
220000221122222120022212212222020200112222111000
201000211011122210001112212221121001111112122200
001021210111011020011111101221120221111111022002
101010221022212110022212102222121212221121100000
221010221121222010022212212212210101222122212200
012021010111211222111112202210101012210011022110
200000221122222111022212212222111100121111122100
001000120201211111122212211222110022111111111000
211000220122211020022212212222121000122222111200
011001211222011011111122202201111202110012222000
00200022001121112001111121221112110.111111222001
112000110022111112111111212212211102110011100110
000000220022212121022212202222110102011122222000
011001221011111110011112202222021222111111222000
201000220001111121122212212121121102111112111102
102000110011111212012222112222121112221212100122
101000111111011210011111112222121111221111222102
012000010111111211122212112222212112201111201012
011020121222112120022212212212120100111122111000
101011211022211110022212221101021001211112122200
012000210100101111122222202211211022121101112001
220010120022222120012212212222121201021112121000
001001210122211120012202202222221101211122111000
001001211022011111122212212222111102111121111001
012020100122111122022212212222112122121111211022
001000211211121120012212202222121221111111222001
001020211122022120022212212222211220111122222000
201000221111111111112122212222111102111122122100
201201021022012120011111112222121101101111112200
011021210110111111112211111201111011111111000200
201001210112122110020212202010221200012222001000
220000221022212120022212212222110100121122122000
101100121022111221011112102221121102110011112000
0010202201210111210122122022211220..110011122002
012001111122101102111112211222112112211111122001
011021210102001211111122000201211111100000222000
002120111022011111011112212221221222211111220102
102121011221000001111120000200211020200000222100
011000110111111112011112112222221200111111002002
011000220022211211021112211211120100120011222000
101010211122122122022222212222211011111122002000
220000220222212210022212212122010010112122212000
011020010111000122021202212222222012211111122002
201000110022211121022210112222120102221121220002
201000210011122120222222212222222100211112210000
011010111111122110011112202212211221211110200001
002020110100012110021112112211121122111111100212
112200220222101001212211111211111012111112222000
001000111011211112011212212221121102121111100101
002020110122212222011112112222222122220111000111
111020111111011112112200011111121111221111100201
010201120201000111221212202222122102201000000200
011000211121011220112210202222021102000122200000
011020100110011011122202212211202022211210100002
101100110122011020012.11212212111102111211011221
001010220022222021022212201222121101110022110100
012210211111112120122211212222212202211100122200
200000221022112120112212212222111101221121222200
000020211122111120011112202212111222111111122000
0010002200221111100222122122.2110100110111200000
200000221122212201122212202222120101011121122100
210000110011112122122212202222121101121121100202
002020111210011112211122202212221222101101002002
100000121222111120021112212222121012110011000100
012101111112011210112202111222101102211111111200
000000121011211110022212212211121102111111200010
101011111011111110022212212222101222121111200.02
101000211122112110021112202122112212111111100.01
2200012210222121200222122122221211011.....011002
002000110000211212122212212221111102211111202000
011020201202112102121212212212212022211111001200
011000220212022020122202212122220101121111110111
101000210022122120022212212222211102211111200110
201000210111111120122212212222111101111111100000
211000...122112120011112112222121112111121022102
102020110101012111111111102222221022210011000111
201000221022222120022212222222220102121122222100
002120110111011122010112202210121022200010000222
101211210022111110022112212222122202211112100102
202001211121112111222212111111111211121111100000
110000000011000201122212111211021021022222200000
2011002200111121200.221221221.121102121121200201
011000221022112210022212222222121121220112222202
201000210022212121022112201221110101211121220200
111100210022212120011110012222221101111111222201
001110111121011010112212202211121012211111122121
101000120022111012222112212222021102121122000202
211011210.11110202121112212221111102211111120000
001000200021000100122212011212112102111111222001
001000110011211111022210212222111102222222120012
012020110111001101211121101211222022100110200101
.01000111122011110112211212222121101011112200001
010000211021212120122212112222120112121111200002
010010111111012122002212201222111201111121022002
012121110212100211121212211212112122210011022122
201000210022222011022212212222111102111122220002
202010221111012100111122202211121112211111200001
222000121000201100210021001200021101110020202200
201000220011211211121111101221221002120000100000
221001221022022210022211112212021002021122222022
201000110011212212011112202222111001001111200001
001001210112201222112222112222211102011112222100
111000211112001120112111212222221122221111100001
201000110011111111021112212222121001111122100202
111000210111011110111212211222221122211111200000
221010110022011020022212202222001122021122222012
201000211022212020011112212222111101111111102001
011121100221010021221112212221012022211111200021
102000211011211111121212201222121102111121200100
012010110211010012111110202222222012210111000100
201000221021012120022212212222111102111122100202
22100022.011112121112112212221111111111112222001
221010221111001112111022101221222112111111000222
200101220112222210022212212222210102011111222000
002020111011212120022212212222121220111111222012
0020111211210011121222222022221201111200..100120
202000120101011122010112212222120102111122200002
012001210122212101212202210021211101011110202000
2010.02100122221100121122122221111..111221022000
012000111122112220021212212222121212110011000101
101100110101111022121121111220002102121221200.02
220000220122222120011111212222110102022121112000
101010110011221120022212212222120122211121200002
111001211021212110112212212222111012100022121200
111000120111011012112112212212121112211212200202
201000110022111120022212212222221200111121222100
111000221111211221022212201112210101121120222200
201000121011011110021111102221122112111111102200
112010111022001101122111202221011122211112200000
001200121122022122011111112222111112211121200011
011001211011121120012112212211010112111111222000
001000210021211121022212212222210001121122122000
201000120222112122211112212221111102111112200002
221221221122012110011212202012122201211111220200
201000221122111220022212222222121112111111100200
100000221022212121011212212212221201211111001002
002000111111011222022122101212121102211022100002
201000221021122120012212212222121101020021200100
201000110021121221221112212222111001011122100100
